0.00486
0.00486
0.00486
0.00486
0.00486
0.00486
0.00486
0.00486
0.00486
0.00487
0.00488
0.004895
0.00491
0.00492
0.00492
0.00492
0.00494
0.00495
0.004965
0.004955
0.00495
0.004945
0.00495
0.004955
0.00496
0.00495
0.004945
0.004935
0.004945
0.00495
0.004955
0.004945
0.00492
0.004915
0.00491
0.00491
0.00491
0.004895
0.00488
0.00487
0.004875
0.004875
0.00487
0.004865
0.00485
0.00483
0.004815
0.00481
0.004815
0.004815
0.00481
0.00481
0.00481
0.004825
0.00482
0.0048
0.004795
0.004795
0.0048
0.004815
0.00483
0.004825
0.00483
0.004815
0.004825
0.004835
0.004825
0.004825
0.00482
0.004815
0.004835
0.004835
0.00484
0.004835
0.00483
0.004825
0.004825
0.00484
0.004845
0.004855
0.004865
0.00486
0.004875
0.004885
0.004885
0.00488
0.00488
0.004865
0.00487
0.004875
0.004875
0.004865
0.00486
0.004855
0.00486
0.00485
0.004845
0.00483
0.00482
0.004815
0.00481
0.004815
0.00483
0.004835
0.00482
0.00482
0.004825
0.004835
0.004835
0.00484
0.00483
0.004815
0.00482
0.00482
0.004815
0.004805
0.004785
0.004775
0.00478
0.00479
0.004795
0.004795
0.00479
0.004795
0.004805
0.00482
0.004815
0.004805
0.004785
0.004785
0.004795
0.00481
0.004815
0.0048
0.00479
0.00479
0.00481
0.004815
0.00481
0.0048
0.004785
0.00479
0.004805
0.004815
0.004855
0.00488
0.00491
0.00493
0.00495
0.00499
0.00504
0.005125
0.00522
0.005305
0.005425
0.00555
0.0057
0.005825
0.005885
0.005955
0.00601
0.00599
0.00587
0.005695
0.005495
0.00527
0.00509
0.00499
0.00494
0.0049
0.00489
0.004885
0.004905
0.004905
0.0049
0.004885
0.004865
0.004855
0.004845
0.004845
0.004825
0.00482
0.004815
0.00481
0.00482
0.004805
0.004795
0.004775
0.004785
0.00478
0.0048
0.004825
0.004835
0.004825
0.004805
0.0048
0.004795
0.004795
0.004795
0.004785
0.004795
0.004785
0.0048
0.0048
0.00481
0.00481
0.00482
0.00484
0.004865
0.004885
0.00491
0.004915
0.00492
0.004915
0.004905
0.004925
0.004925
0.004915
0.00491
0.004905
0.00491
0.004925
0.004945
0.004955
0.004945
0.004955
0.00496
0.00496
0.00496
0.004955
0.00495
0.004935
0.00492
0.00493
0.00494
0.004945
0.004955
0.004945
0.00495
0.004955
0.00495
0.004945
0.00493
0.004925
0.004915
0.004925
0.00491
0.004915
0.004905
0.004895
0.004895
0.0049
0.00489
0.00487
0.004855
0.00483
0.004835
0.004845
0.004845
0.00482
0.00479
0.004785
0.00481
0.00484
0.004855
0.004865
0.00487
0.004865
0.00485
0.00486
0.00487
0.00488
0.00488
0.00488
0.004905
0.004905
0.0049
0.004885
0.00488
0.00486
0.004865
0.004865
0.00486
0.004865
0.00486
0.004855
0.004865
0.004865
0.004855
0.00485
0.004845
0.00484
0.004855
0.00485
0.004855
0.004845
0.004845
0.00483
0.004825
0.00482
0.00483
0.004825
0.004815
0.004805
0.004805
0.00481
0.004815
0.004815
0.004825
0.0048
0.00479
0.00479
0.00479
0.004785
0.00477
0.00478
0.004795
0.004815
0.004825
0.00482
0.0048
0.00477
0.00476
0.004775
0.004805
0.00483
0.00483
0.004825
0.004785
0.004785
0.0048
0.004825
0.00483
0.004835
0.004845
0.00484
0.00485
0.004855
0.004835
0.004835
0.00485
0.004845
0.00483
0.00482
0.00481
0.004805
0.0048
0.004815
0.00483
0.00484
0.004835
0.00483
0.00483
0.00483
0.004825
0.004815
0.00481
0.00483
0.00485
0.004865
0.00487
0.00484
0.004805
0.00477
0.004755
0.00476
0.004775
0.004785
0.004775
0.004795
0.00481
0.004825
0.00482
0.004835
0.00485
0.004855
0.00486
0.00483
0.00483
0.004835
0.004855
0.004855
0.00488
0.00489
0.00488
0.00485
0.00484
0.004835
0.00485
0.004875
0.004895
0.004905
0.004905
0.004885
0.004875
0.004865
0.00486
0.004845
0.004825
0.00482
0.00484
0.004855
0.004885
0.00491
0.004925
0.00494
0.005
0.00508
0.00522
0.005355
0.00547
0.005595
0.00574
0.005855
0.00597
0.006065
0.0061
0.00601
0.00584
0.00562
0.00539
0.005165
0.005
0.004875
0.00479
0.00477
0.00482
0.004885
0.004915
0.004925
0.00492
0.004925
0.00492
0.00491
0.004905
0.00489
0.004885
0.00489
0.0049
0.004895
0.00488
0.00487
0.004885
0.00488
0.004875
0.004875
0.004865
0.004865
0.004865
0.00487
0.00487
0.00487
0.00488
0.00488
0.004885
0.0049
0.004895
0.00489
0.0049
0.004915
0.00493
0.00494
0.00494
0.004935
0.004905
0.00491
0.00494
0.004955
0.00498
0.004995
0.00499
0.005
0.005
0.00501
0.00501
0.005015
0.00502
0.005025
0.00503
0.005035
0.005045
0.005035
0.005035
0.00503
0.005055
0.00507
0.005075
0.005065
0.00506
0.00506
0.005075
0.005075
0.005095
0.005095
0.00509
0.005095
0.005095
0.00511
0.005115
0.00512
0.00511
0.005115
0.005115
0.00511
0.005105
0.00509
0.00507
0.005045
0.00506
0.00505
0.00505
0.00504
0.00503
0.00501
0.00503
0.005025
0.005025
0.00501
0.00498
0.004975
0.00496
0.004975
0.004965
0.00497
0.00496
0.00496
0.00496
0.00497
0.00498
0.00497
0.004965
0.00495
0.00497
0.00498
0.004995
0.00499
0.00498
0.004965
0.00498
0.004995
0.00499
0.004985
0.004975
0.004965
0.004975
0.00499
0.004995
0.004985
0.004985
0.004985
0.004995
0.00501
0.00501
0.005025
0.005005
0.005005
0.00501
0.005025
0.005015
0.005005
0.00499
0.004985
0.004995
0.00499
0.004995
0.00498
0.00497
0.00497
0.004975
0.004985
0.004985
0.004965
0.00496
0.004945
0.004965
0.00497
0.004965
0.00496
0.004945
0.004945
0.00496
0.00496
0.00496
0.00496
0.00496
0.00495
0.004965
0.004975
0.004965
0.004945
0.00495
0.00495
0.004965
0.00498
0.004975
0.00496
0.00494
0.00494
0.004945
0.004965
0.004965
0.004965
0.004965
0.004955
0.00496
0.004975
0.004975
0.004965
0.00497
0.004965
0.00498
0.004985
0.004985
0.00497
0.00496
0.004945
0.004955
0.004975
0.00498
0.004965
0.004945
0.00493
0.004945
0.004955
0.00496
0.00494
0.004925
0.00492
0.004935
0.004945
0.00494
0.004935
0.00493
0.00493
0.00494
0.00494
0.00495
0.004955
0.00494
0.00493
0.00495
0.00496
0.004955
0.004945
0.004945
0.004945
0.00495
0.00495
0.00495
0.004945
0.00494
0.00493
0.00495
0.00496
0.004965
0.00496
0.00495
0.004955
0.00497
0.004985
0.004975
0.00495
0.004935
0.004935
0.004955
0.00495
0.00496
0.00495
0.00494
0.004925
0.00494
0.00498
0.004995
0.005015
0.005025
0.005045
0.005085
0.005145
0.005235
0.00534
0.005445
0.00556
0.005705
0.00583
0.00594
0.006035
0.006125
0.006175
0.00616
0.006055
0.00588
0.005675
0.00545
0.005255
0.00512
0.005025
0.004965
0.004925
0.00493
0.004965
0.005005
0.005015
0.005015
0.00499
0.004975
0.004955
0.004955
0.00496
0.00496
0.00495
0.00493
0.00493
0.00494
0.00495
0.004945
0.004935
0.00494
0.00493
0.004935
0.004945
0.004945
0.00495
0.004945
0.004935
0.00494
0.004965
0.00497
0.00496
0.004955
0.00495
0.00496
0.004975
0.004965
0.00496
0.00495
0.004955
0.00496
0.00497
0.004975
0.004975
0.00497
0.004965
0.004975
0.00498
0.004985
0.004975
0.004975
0.00497
0.004985
0.005
0.004995
0.004995
0.004985
0.00498
0.004995
0.005005
0.00499
0.004995
0.004985
0.00499
0.004995
0.005015
0.00502
0.00502
0.00503
0.00504
0.005065
0.00508
0.00509
0.00508
0.005075
0.00508
0.005095
0.0051
0.00511
0.005105
0.005095
0.005085
0.005095
0.00509
0.00508
0.005065
0.005045
0.005035
0.005035
0.005045
0.00503
0.00502
0.00499
0.004985
0.00498
0.00498
0.004975
0.00497
0.004955
0.00495
0.004955
0.004965
0.00495
0.00495
0.004945
0.004945
0.00495
0.004965
0.00496
0.004955
0.004945
0.00495
0.00496
0.00496
0.00495
0.00495
0.00493
0.004935
0.00493
0.004935
0.00493
0.004935
0.004925
0.00492
0.004925
0.004925
0.004935
0.00494
0.00494
0.004955
0.00495
0.00496
0.004955
0.00496
0.00496
0.00496
0.00497
0.00498
0.004975
0.004975
0.00496
0.004945
0.004955
0.00496
0.004955
0.004945
0.00495
0.004935
0.004945
0.00495
0.004945
0.00494
0.004925
0.004925
0.004935
0.00494
0.004955
0.00494
0.00493
0.004925
0.004925
0.004935
0.00494
0.00493
0.004925
0.00491
0.004925
0.00493
0.00493
0.004915
0.00493
0.00491
0.00493
0.00493
0.004925
0.004915
0.004915
0.004905
0.00491
0.004925
0.004925
0.004915
0.004915
0.004905
0.0049
0.00491
0.0049
0.0049
0.00489
0.0049
0.00492
0.004935
0.004955
0.00497
0.00498
0.005
0.00502
0.005035
0.00506
0.00512
0.005195
0.005285
0.00539
0.005485
0.005595
0.00572
0.00581
0.00589
0.00597
0.00603
0.00603
0.005955
0.005845
0.00571
0.00555
0.00537
0.00522
0.00512
0.005055
0.005015
0.005
0.005005
0.005015
0.00501
0.004985
0.004965
0.004955
0.00495
0.004955
0.00494
0.004925
0.00492
0.00492
0.00492
0.00491
0.004905
0.00491
0.004905
0.004905
0.00491
0.004895
0.004895
0.00488
0.00488
0.004875
0.00488
0.00488
0.00487
0.00486
0.00486
0.00487
0.004865
0.004865
0.004855
0.004845
0.00483
0.004835
0.004835
0.004825
0.00481
0.004805
0.00482
0.004855
0.00487
0.004885
0.004885
0.004885
0.004895
0.004915
0.00494
0.00495
0.00495
0.004945
0.00494
0.004955
0.004975
0.00497
0.004975
0.004985
0.00498
0.00498
0.004985
0.004995
0.004995
0.005
0.005005
0.005005
0.005015
0.00502
0.005015
0.005015
0.00501
0.00502
0.005025
0.005035
0.00502
0.00502
0.005015
0.005025
0.00503
0.005025
0.005015
0.005005
0.004995
0.005
0.005
0.00498
0.00497
0.004945
0.004935
0.004935
0.00493
0.00491
0.0049
0.00489
0.00489
0.00488
0.004865
0.00486
0.004835
0.00482
0.00483
0.00484
0.00484
0.004855
0.004835
0.00486
0.004895
0.00492
0.00494
0.004955
0.00496
0.00495
0.00496
0.004965
0.004965
0.004965
0.00496
0.00496
0.00497
0.00497
0.004965
0.004955
0.004945
0.00494
0.00496
0.00496
0.00497
0.004955
0.004955
0.004955
0.00495
0.004955
0.00495
0.00494
0.00494
0.00494
0.00495
0.00495
0.004935
0.00492
0.0049
0.0049
0.0049
0.00491
0.004905
0.004895
0.00488
0.004875
0.004885
0.00489
0.004875
0.004855
0.00484
0.004835
0.004835
0.00484
0.004825
0.004815
0.004815
0.00481
0.004825
0.004835
0.004845
0.004855
0.004855
0.00487
0.004895
0.004925
0.00493
0.004925
0.00492
0.00491
0.00491
0.00492
0.00492
0.004915
0.004905
0.004905
0.004925
0.00492
0.00494
0.00493
0.00493
0.004925
0.004925
0.004925
0.004915
0.00492
0.00491
0.004905
0.00491
0.004915
0.004915
0.00491
0.004895
0.0049
0.004905
0.004915
0.004905
0.00489
0.00489
0.00489
0.00489
0.00489
0.004885
0.00487
0.004855
0.00486
0.004865
0.00487
0.004865
0.004855
0.004845
0.004835
0.004845
0.00485
0.00486
0.004845
0.00484
0.004845
0.004855
0.00487
0.00488
0.00489
0.0049
0.00491
0.00493
0.00494
0.004945
0.00493
0.00494
0.004945
0.004945
0.00495
0.004945
0.00494
0.004935
0.00493
0.00494
0.004945
0.004945
0.004945
0.00492
0.00493
0.004945
0.00495
0.004945
0.004935
0.00494
0.004935
0.004955
0.00496
0.00495
0.004945
0.00494
0.00494
0.004965
0.004985
0.004995
0.00502
0.005025
0.00504
0.005085
0.005155
0.005255
0.00536
0.00546
0.005585
0.00573
0.005855
0.005965
0.00606
0.00613
0.006145
0.00606
0.005895
0.00567
0.00543
0.00522
0.00508
0.004985
0.00491
0.00484
0.004805
0.004815
0.00485
0.004885
0.00489
0.00489
0.004885
0.004875
0.004875
0.004875
0.00488
0.00487
0.00487
0.00487
0.004875
0.004885
0.004895
0.0049
0.00489
0.00488
0.00487
0.004875
0.004885
0.004885
0.00487
0.00487
0.00487
0.004885
0.00488
0.004885
0.00489
0.004875
0.00487
0.004885
0.004885
0.004885
0.00489
0.004885
0.004885
0.0049
0.004905
0.004905
0.004895
0.00489
0.004895
0.004905
0.00491
0.004915
0.00491
0.004905
0.00491
0.004925
0.004945
0.00495
0.004945
0.00495
0.004935
0.004965
0.004965
0.004965
0.004965
0.00497
0.00498
0.004985
0.004985
0.00499
0.00498
0.004985
0.004985
0.00499
0.00499
0.00499
0.004985
0.00499
0.005005
0.00503
0.00505
0.005055
0.005055
0.00504
0.005035
0.005055
0.005055
0.005055
0.00504
0.00504
0.00504
0.005035
0.005045
0.005035
0.005015
0.005
0.00499
0.005
0.004995
0.004985
0.00498
0.004965
0.004955
0.00495
0.00495
0.004955
0.004945
0.00493
0.004915
0.004915
0.00493
0.004915
0.004915
0.00491
0.00491
0.004925
0.004925
0.004925
0.00492
0.0049
0.004885
0.004905
0.00493
0.00494
0.00494
0.004925
0.00492
0.00493
0.00495
0.00496
0.004955
0.00494
0.004945
0.00496
0.00496
0.004955
0.004945
0.004925
0.00492
0.00492
0.004925
0.00492
0.004915
0.004895
0.00489
0.0049
0.00493
0.00494
0.004935
0.00493
0.00492
0.00493
0.00494
0.00494
0.004935
0.004915
0.00491
0.004915
0.00491
0.004905
0.0049
0.00488
0.004875
0.00488
0.0049
0.0049
0.004905
0.004895
0.00489
0.004895
0.004895
0.0049
0.004895
0.00488
0.004875
0.004895
0.0049
0.004905
0.00491
0.004905
0.004885
0.004905
0.004905
0.00491
0.004905
0.004905
0.0049
0.004905
0.004915
0.00493
0.004925
0.00493
0.004915
0.004935
0.00494
0.004935
0.00493
0.004925
0.004915
0.004905
0.004915
0.00491
0.00491
0.004895
0.004905
0.004915
0.004915
0.004915
0.0049
0.00488
0.00488
0.004905
0.00492
0.00494
0.00497
0.00499
0.00504
0.005115
0.005235
0.00535
0.005435
0.005525
0.005635
0.00577
0.00586
0.00593
0.00601
0.006045
0.006005
0.005885
0.00576
0.00558
0.005375
0.005205
0.005095
0.005035
0.004985
0.004965
0.004975
0.00498
0.00499
0.005
0.00499
0.004965
0.00495
0.004935
0.00492
0.004905
0.00492
0.004915
0.004915
0.0049
0.004895
0.004895
0.004915
0.004905
0.004905
0.004895
0.004895
0.004895
0.004905
0.004905
0.004895
0.004885
0.00487
0.00488
0.004885
0.00489
0.004885
0.004885
0.00487
0.00487
0.004865
0.00487
0.004865
0.004855
0.00485
0.004855
0.004875
0.004875
0.00488
0.00488
0.00488
0.004885
0.004895
0.00491
0.0049
0.004895
0.0049
0.00492
0.004935
0.004955
0.004955
0.00495
0.00497
0.004975
0.004985
0.004985
0.004995
0.004985
0.004985
0.00498
0.004995
0.005
0.00499
0.00498
0.00497
0.00498
0.005005
0.005015
0.005005
0.005005
0.004995
0.005005
0.00501
0.004995
0.00498
0.00497
0.004965
0.00496
0.00495
0.00495
0.004935
0.00492
0.0049
0.004895
0.004895
0.004885
0.00488
0.004865
0.004855
0.004845
0.00485
0.00485
0.004845
0.004835
0.00483
0.00483
0.00484
0.004825
0.004825
0.004815
0.004815
0.00481
0.00483
0.004845
0.00486
0.004855
0.00487
0.004895
0.004905
0.00492
0.00493
0.00492
0.00493
0.00495
0.004965
0.00497
0.004965
0.00495
0.004955
0.004965
0.00497
0.004965
0.00496
0.004945
0.00495
0.004955
0.00495
0.004945
0.004955
0.004955
0.00494
0.004935
0.00495
0.004935
0.00493
0.00492
0.004915
0.004915
0.004905
0.00491
0.004905
0.0049
0.00489
0.004895
0.0049
0.0049
0.004895
0.004885
0.00487
0.004875
0.00488
0.00487
0.00486
0.004845
0.00483
0.00483
0.004835
0.00483
0.00482
0.004815
0.004805
0.00481
0.00481
0.00482
0.0048
0.004805
0.0048
0.00481
0.004835
0.004865
0.00491
0.004945
0.004985
0.005045
0.00513
0.00521
0.00528
0.00535
0.005435
0.00554
0.005645
0.00572
0.00578
0.005835
0.005845
0.00582
0.00574
0.00562
0.005445
0.005255
0.0051
0.005025
0.004985
0.004945
0.00491
0.0049
0.004905
0.004915
0.004905
0.004895
0.00487
0.004855
0.004845
0.004845
0.00484
0.00485
0.004835
0.004825
0.00482
0.00482
0.004825
0.00482
0.0048
0.0048
0.004805
0.00482
0.00482
0.00481
0.00481
0.00479
0.0048
0.004805
0.004805
0.004805
0.0048
0.004795
0.004805
0.0048
0.00482
0.00483
0.00482
0.00481
0.004805
0.00482
0.00483
0.00482
0.004825
0.00483
0.00484
0.004865
0.00489
0.004895
0.004885
0.004875
0.004885
0.0049
0.004905
0.004905
0.004895
0.004895
0.00491
0.00492
0.004925
0.00493
0.004925
0.00493
0.004925
0.00493
0.00495
0.004945
0.004955
0.00496
0.00497
0.00499
0.00499
0.004985
0.00499
0.004985
0.00498
0.004995
0.005005
0.005
0.004985
0.00497
0.00496
0.00496
0.004955
0.004945
0.00492
0.00491
0.004895
0.004905
0.00491
0.004905
0.004875
0.00486
0.00486
0.004845
0.004855
0.004845
0.004835
0.004825
0.00482
0.004825
0.004835
0.00483
0.00483
0.004825
0.004835
0.00484
0.00486
0.00485
0.00485
0.004835
0.004835
0.004845
0.00485
0.004845
0.004835
0.00482
0.00482
0.00483
0.004845
0.004835
0.00483
0.004825
0.004835
0.00485
0.004855
0.004845
0.004845
0.00484
0.004845
0.004845
0.00486
0.00486
0.004845
0.00483
0.004845
0.00486
0.004865
0.004865
0.004855
0.00485
0.00486
0.00485
0.004855
0.00486
0.00484
0.004825
0.004845
0.004855
0.004865
0.00486
0.00484
0.00482
0.004825
0.00483
0.00484
0.00483
0.004825
0.004815
0.004825
0.004825
0.004845
0.004835
0.00483
0.004825
0.004825
0.00484
0.00484
0.00484
0.00484
0.00484
0.004835
0.004855
0.004865
0.004855
0.004845
0.00483
0.004815
0.004835
0.00484
0.00484
0.004835
0.00483
0.004815
0.00483
0.004845
0.004845
0.00484
0.004835
0.00483
0.00483
0.00485
0.00484
0.004845
0.004835
0.00483
0.004845
0.004855
0.004845
0.004855
0.00485
0.00485
0.004855
0.00486
0.00485
0.00485
0.004835
0.004825
0.00483
0.00483
0.00483
0.00482
0.004815
0.00481
0.00481
0.00481
0.00481
0.004815
0.004805
0.004805
0.004805
0.00481
0.00481
0.0048
0.0048
0.004795
0.0048
0.004805
0.004795
0.0048
0.004785
0.0048
0.00482
0.00483
0.00484
0.004865
0.00485
0.004855
0.004855
0.004865
0.00485
0.00485
0.004835
0.00484
0.004845
0.00485
0.00484
0.004835
0.00483
0.00482
0.00482
0.00482
0.004825
0.004825
0.00482
0.004805
0.004815
0.00482
0.004835
0.00483
0.004825
0.00481
0.00482
0.00483
0.00483
0.004825
0.00482
0.00482
0.00482
0.00482
0.00481
0.004815
0.004805
0.004805
0.004805
0.00481
0.00482
0.004815
0.00481
0.00481
0.004825
0.004825
0.004825
0.004825
0.00482
0.00483
0.004835
0.00485
0.004845
0.00485
0.00484
0.004845
0.00485
0.004845
0.004835
0.004845
0.004845
0.00485
0.00485
0.004855
0.00485
0.004855
0.00486
0.004865
0.00489
0.0049
0.004895
0.00488
0.004875
0.00488
0.004875
0.004885
0.00489
0.004895
0.0049
0.004895
0.004915
0.00492
0.00492
0.00493
0.00494
0.00498
0.004995
0.00501
0.00504
0.005075
0.00515
0.005245
0.005365
0.00547
0.005585
0.005685
0.00578
0.00586
0.00594
0.006005
0.005995
0.00587
0.0057
0.00549
0.005285
0.005115
0.004995
0.004915
0.00485
0.00483
0.004835
0.004875
0.0049
0.0049
0.00489
0.004875
0.004875
0.00486
0.00486
0.00483
0.004835
0.004815
0.00482
0.00482
0.004805
0.004785
0.004785
0.00477
0.00476
0.004765
0.00475
0.00475
0.00476
0.004785
0.00482
0.004835
0.00484
0.004845
0.004835
0.004825
0.00483
0.004835
0.004845
0.004835
0.004835
0.00484
0.004835
0.004845
0.00484
0.00485
0.004855
0.004865
0.00487
0.00488
0.004885
0.004875
0.00487
0.004875
0.00489
0.004915
0.004915
0.00492
0.00491
0.004915
0.004915
0.00492
0.004915
0.00491
0.004915
0.004905
0.004915
0.00494
0.004945
0.00494
0.00494
0.004945
0.00495
0.004955
0.004945
0.00494
0.00493
0.00494
0.00496
0.004965
0.004965
0.00497
0.00497
0.00498
0.004985
0.00499
0.004995
0.00498
0.00497
0.004965
0.00497
0.004965
0.004965
0.004955
0.00495
0.004955
0.00498
0.00498
0.00498
0.00497
0.00495
0.00496
0.004945
0.00495
0.004945
0.00493
0.004915
0.0049
0.00491
0.00492
0.00492
0.00491
0.004905
0.0049
0.00491
0.004915
0.00492
0.004905
0.00491
0.00491
0.00492
0.00492
0.004915
0.004905
0.0049
0.004895
0.004895
0.004905
0.004895
0.00489
0.004875
0.004885
0.004895
0.004895
0.00489
0.00489
0.00489
0.0049
0.004905
0.004915
0.00491
0.0049
0.00489
0.004875
0.004885
0.00488
0.004865
0.004855
0.00484
0.004835
0.00484
0.004845
0.00484
0.004845
0.004845
0.004855
0.004865
0.00487
0.004865
0.00486
0.004855
0.00486
0.004875
0.00487
0.00488
0.004875
0.004865
0.004855
0.00488
0.00488
0.00488
0.004885
0.00488
0.00488
0.004875
0.00488
0.004875
0.004865
0.00486
0.00486
0.004865
0.004875
0.004875
0.00488
0.004865
0.004855
0.00486
0.004855
0.004865
0.00486
0.00486
0.00485
0.00486
0.00486
0.004855
0.004845
0.004825
0.00482
0.004825
0.004835
0.00483
0.004825
0.004795
0.00479
0.004795
0.0048
0.0048
0.00481
0.00479
0.004785
0.004815
0.004835
0.00485
0.004845
0.00483
0.004835
0.004845
0.004855
0.00486
0.004855
0.004845
0.00485
0.00486
0.00487
0.004875
0.004875
0.004865
0.00488
0.004885
0.00489
0.004885
0.00488
0.004875
0.004875
0.004885
0.004895
0.004885
0.00488
0.004875
0.00487
0.004885
0.004895
0.00489
0.004885
0.004885
0.004885
0.00488
0.00488
0.004885
0.00489
0.004885
0.0049
0.004905
0.00493
0.004955
0.00497
0.00499
0.005035
0.00514
0.005265
0.005375
0.005485
0.005595
0.005715
0.005825
0.00593
0.005985
0.00598
0.005875
0.005695
0.00548
0.005275
0.005095
0.004955
0.00485
0.00481
0.00482
0.00486
0.004915
0.00493
0.004925
0.004905
0.0049
0.004905
0.004895
0.004885
0.004875
0.004865
0.00488
0.00489
0.00488
0.004865
0.00486
0.004845
0.004855
0.004865
0.00487
0.004855
0.004845
0.00484
0.00485
0.004855
0.004845
0.004835
0.00482
0.004825
0.00484
0.004845
0.004845
0.004845
0.00483
0.00484
0.004845
0.004855
0.00485
0.004845
0.004835
0.00484
0.00485
0.00486
0.00486
0.00486
0.00485
0.004855
0.00487
0.004885
0.00488
0.004885
0.00488
0.0049
0.00491
0.004925
0.00493
0.004935
0.004935
0.004945
0.004955
0.004975
0.00497
0.004975
0.00497
0.00498
0.00499
0.004985
0.00499
0.004985
0.00498
0.00499
0.005
0.00501
0.005
0.00499
0.004985
0.00498
0.00498
0.00499
0.00498
0.004965
0.004955
0.004945
0.00494
0.00494
0.00493
0.00492
0.004905
0.004895
0.004895
0.004895
0.00489
0.004875
0.00486
0.00486
0.00487
0.00487
0.004855
0.004845
0.004835
0.00484
0.004855
0.00485
0.00485
0.00483
0.004825
0.00482
0.004825
0.00482
0.004825
0.004815
0.00482
0.00482
0.004825
0.004845
0.00484
0.00484
0.00484
0.00484
0.004845
0.004855
0.004845
0.00485
0.004835
0.004835
0.00484
0.00485
0.00486
0.004865
0.00487
0.00487
0.004885
0.004885
0.00488
0.00488
0.00486
0.00486
0.00488
0.004875
0.004875
0.004865
0.004865
0.004855
0.004865
0.00487
0.004865
0.00487
0.00486
0.00486
0.004855
0.00486
0.004855
0.004845
0.00484
0.00484
0.00485
0.004855
0.00485
0.00484
0.00484
0.004835
0.00484
0.004845
0.00484
0.004835
0.004815
0.00481
0.00482
0.00483
0.00483
0.00483
0.00483
0.00481
0.00483
0.00483
0.004825
0.004815
0.00481
0.004815
0.00481
0.00482
0.004815
0.00481
0.0048
0.00479
0.0048
0.00481
0.004815
0.0048
0.00478
0.00477
0.00478
0.004795
0.004785
0.004795
0.004805
0.004825
0.00487
0.004895
0.0049
0.004895
0.00488
0.00488
0.004885
0.0049
0.00489
0.00489
0.00488
0.00488
0.00489
0.004895
0.0049
0.004875
0.00488
0.004865
0.004875
0.004885
0.004875
0.004865
0.004865
0.004855
0.004865
0.00486
0.004855
0.004845
0.00484
0.00485
0.00485
0.004865
0.00487
0.00488
0.004875
0.004885
0.00488
0.004905
0.00493
0.004965
0.004975
0.00501
0.005075
0.00518
0.005285
0.00538
0.00547
0.00559
0.00571
0.00579
0.005845
0.005875
0.00587
0.0058
0.00568
0.005545
0.005355
0.00516
0.005025
0.00497
0.004955
0.00495
0.00495
0.00494
0.004945
0.004925
0.00492
0.004915
0.00489
0.00487
0.00485
0.00485
0.004855
0.004855
0.004835
0.00482
0.004815
0.004815
0.004825
0.00484
0.00483
0.00483
0.004825
0.004825
0.004825
0.004835
0.004845
0.00485
0.004835
0.00483
0.004835
0.004845
0.004835
0.00484
0.00484
0.00484
0.004845
0.00485
0.004845
0.004835
0.004825
0.00483
0.00484
0.004845
0.004845
0.00484
0.004835
0.00484
0.004845
0.004855
0.004865
0.004855
0.004865
0.004885
0.00491
0.004925
0.00493
0.00494
0.004935
0.004935
0.004955
0.004965
0.00496
0.00495
0.004945
0.004955
0.004965
0.004975
0.004975
0.00498
0.00498
0.00498
0.004985
0.004995
0.00499
0.00498
0.004955
0.004945
0.004945
0.00494
0.00492
0.004905
0.00489
0.00488
0.004885
0.004885
0.00487
0.00485
0.00485
0.004855
0.00485
0.004845
0.00483
0.004825
0.00483
0.004825
0.004835
0.004845
0.004835
0.004835
0.004825
0.00483
0.00484
0.00484
0.004835
0.00483
0.00483
0.004825
0.004825
0.00483
0.004835
0.004845
0.004845
0.00486
0.00487
0.004885
0.004885
0.00488
0.00488
0.004865
0.004875
0.004875
0.00487
0.00487
0.004875
0.004875
0.00488
0.004885
0.00487
0.004875
0.004865
0.004865
0.004865
0.00487
0.00486
0.004855
0.00485
0.00485
0.00485
0.00485
0.00485
0.00485
0.00485
0.00483
0.00483
0.00485
0.00485
0.00483
0.004835
0.004835
0.004835
0.00484
0.004835
0.004835
0.004825
0.00483
0.00483
0.004835
0.004825
0.004825
0.004815
0.00482
0.004815
0.004825
0.004825
0.00482
0.004805
0.004805
0.0048
0.00481
0.00482
0.00481
0.004815
0.00483
0.004845
0.004855
0.00485
0.004845
0.00484
0.004835
0.00484
0.004845
0.004835
0.004835
0.00483
0.00483
0.00483
0.00484
0.00484
0.00483
0.004815
0.00481
0.004825
0.00484
0.004835
0.004825
0.00482
0.00482
0.004815
0.00483
0.004825
0.00485
0.004855
0.004885
0.00492
0.00494
0.004955
0.004985
0.00505
0.00514
0.00525
0.005355
0.00547
0.005605
0.005705
0.0058
0.00588
0.005935
0.00588
0.005725
0.00552
0.00528
0.00508
0.004955
0.004885
0.004835
0.004825
0.004835
0.00487
0.004885
0.00488
0.004855
0.004825
0.00482
0.004825
0.00485
0.004855
0.004855
0.004845
0.00484
0.00485
0.00485
0.004845
0.00484
0.00482
0.00482
0.00481
0.00482
0.00481
0.0048
0.00478
0.00478
0.004795
0.004805
0.0048
0.0048
0.004805
0.00481
0.004825
0.004835
0.00483
0.004825
0.00482
0.004825
0.00483
0.00484
0.00483
0.00483
0.00482
0.00484
0.004845
0.004855
0.004855
0.004855
0.004855
0.00486
0.00487
0.00488
0.004865
0.004865
0.004875
0.00488
0.00489
0.0049
0.004905
0.004905
0.004915
0.00492
0.004925
0.00494
0.004955
0.00497
0.004975
0.00499
0.00501
0.005015
0.00502
0.00501
0.004995
0.00498
0.004995
0.00499
0.00499
0.004975
0.00496
0.004945
0.004945
0.00495
0.00493
0.0049
0.00488
0.004875
0.004875
0.00487
0.004865
0.00485
0.004825
0.004825
0.004835
0.00485
0.004845
0.00484
0.00483
0.00482
0.00484
0.00484
0.00484
0.00483
0.004815
0.004815
0.00482
0.00483
0.004825
0.00482
0.004815
0.00481
0.00481
0.00482
0.004815
0.00481
0.00479
0.004785
0.004795
0.004805
0.004805
0.00481
0.004805
0.004805
0.0048
0.00481
0.0048
0.00479
0.004775
0.004775
0.004775
0.004805
0.004805
0.004815
0.00482
0.004835
0.00486
0.004875
0.00487
0.004865
0.00485
0.00485
0.00485
0.004855
0.00485
0.00484
0.004845
0.00485
0.00486
0.004865
0.004855
0.00485
0.004835
0.004835
0.00485
0.004865
0.004865
0.00485
0.004845
0.004845
0.004855
0.004865
0.00486
0.004855
0.004845
0.004845
0.00484
0.004855
0.00485
0.00485
0.00483
0.00483
0.004835
0.00484
0.004835
0.00482
0.004815
0.004805
0.004815
0.00483
0.00483
0.004815
0.004805
0.004815
0.004835
0.004845
0.00484
0.00482
0.00481
0.004815
0.00482
0.004835
0.004825
0.00482
0.004815
0.00481
0.00481
0.00483
0.00484
0.004825
0.004835
0.004845
0.004865
0.004895
0.00489
0.004885
0.004875
0.004875
0.00488
0.0049
0.0049
0.004905
0.004905
0.004915
0.00495
0.004985
0.005015
0.005055
0.00515
0.00525
0.005375
0.005505
0.00564
0.00576
0.00586
0.005945
0.006035
0.00611
0.006085
0.00597
0.005775
0.005545
0.00531
0.005115
0.004975
0.004885
0.004815
0.004785
0.004795
0.00484
0.00486
0.004875
0.00487
0.004855
0.00486
0.00487
0.004855
0.004845
0.004835
0.004815
0.004825
0.004825
0.00481
0.004815
0.00481
0.004795
0.004795
0.004805
0.0048
0.0048
0.0048
0.0048
0.0048
0.00481
0.004805
0.00481
0.00482
0.004815
0.00483
0.004855
0.00484
0.004835
0.004825
0.004825
0.004845
0.00485
0.00485
0.004855
0.00485
0.004855
0.00486
0.00486
0.004865
0.004855
0.00486
0.004865
0.00487
0.004865
0.004885
0.00488
0.004875
0.00488
0.004885
0.004905
0.004905
0.004905
0.0049
0.00491
0.004925
0.004945
0.004945
0.004945
0.004945
0.00494
0.004955
0.004965
0.004965
0.00497
0.004965
0.004965
0.004965
0.00497
0.004975
0.004975
0.004965
0.004965
0.004965
0.004965
0.00496
0.00495
0.004935
0.004925
0.00492
0.004905
0.004895
0.00489
0.004865
0.004855
0.00485
0.00486
0.00485
0.004845
0.004845
0.004845
0.004865
0.004875
0.004875
0.004875
0.004865
0.00488
0.004885
0.004895
0.00489
0.004875
0.004865
0.00487
0.00487
0.004875
0.00487
0.00487
0.004865
0.004865
0.004865
0.00488
0.004895
0.004885
0.00488
0.004885
0.0049
0.0049
0.00489
0.00488
0.00487
0.00488
0.00489
0.004895
0.004895
0.00488
0.004875
0.004865
0.00488
0.004875
0.00488
0.00487
0.004865
0.004865
0.00488
0.00489
0.004885
0.004875
0.00486
0.00486
0.00487
0.004875
0.00487
0.004855
0.00485
0.004845
0.004845
0.00483
0.004845
0.00482
0.0048
0.004795
0.0048
0.004815
0.004805
0.004785
0.004775
0.004775
0.0048
0.00483
0.004835
0.004835
0.004845
0.00485
0.00487
0.00488
0.00491
0.00492
0.004915
0.00492
0.00493
0.00494
0.004925
0.00491
0.00491
0.0049
0.0049
0.00492
0.004915
0.00489
0.00487
0.00487
0.00488
0.004885
0.004885
0.004875
0.00485
0.004845
0.00485
0.004855
0.00486
0.00485
0.004845
0.004845
0.004855
0.004875
0.004865
0.004855
0.00484
0.004845
0.00485
0.00486
0.00486
0.004855
0.004835
0.004835
0.004845
0.00486
0.00486
0.004855
0.00485
0.00486
0.00489
0.004925
0.004945
0.004965
0.005
0.00508
0.005185
0.00528
0.005375
0.005465
0.00557
0.005665
0.00573
0.005795
0.00585
0.005865
0.0058
0.005705
0.00558
0.00544
0.005275
0.005135
0.005065
0.005015
0.004985
0.00499
0.004985
0.00498
0.004965
0.004945
0.004935
0.004935
0.00492
0.004905
0.004885
0.004875
0.004875
0.00488
0.00487
0.00487
0.00484
0.004835
0.004845
0.004845
0.004845
0.004845
0.004835
0.00483
0.00484
0.004845
0.004835
0.004835
0.004825
0.00483
0.00484
0.004835
0.00483
0.004825
0.004825
0.00481
0.00482
0.00484
0.004835
0.004835
0.00483
0.00483
0.00483
0.004845
0.004835
0.004855
0.004845
0.00485
0.004865
0.00488
0.004875
0.00489
0.004885
0.004885
0.004905
0.004915
0.004915
0.0049
0.004875
0.00489
0.00491
0.004915
0.004915
0.004905
0.00491
0.004925
0.00494
0.004955
0.004965
0.004965
0.00498
0.004995
0.005015
0.005015
0.00502
0.005005
0.004985
0.004995
0.00501
0.00502
0.00501
0.005005
0.004995
0.00499
0.004995
0.005005
0.00499
0.004975
0.00496
0.004955
0.00495
0.004955
0.00495
0.004925
0.004905
0.004905
0.004905
0.0049
0.004905
0.00489
0.00488
0.004865
0.004875
0.004875
0.00488
0.00487
0.004855
0.00486
0.004885
0.004895
0.004895
0.004885
0.00486
0.004855
0.00487
0.00488
0.00486
0.00486
0.00485
0.00485
0.004855
0.00487
0.00487
0.004865
0.00485
0.004835
0.004845
0.004855
0.00484
0.00484
0.004835
0.004835
0.00484
0.00485
0.00485
0.00486
0.004865
0.00487
0.004885
0.0049
0.004905
0.004895
0.00488
0.004885
0.00489
0.0049
0.0049
0.004895
0.00488
0.004885
0.004885
0.0049
0.004885
0.004875
0.004875
0.004865
0.004875
0.00489
0.004875
0.004875
0.004865
0.00488
0.004885
0.00489
0.004885
0.00487
0.004865
0.004865
0.00487
0.004875
0.00488
0.00486
0.004855
0.00484
0.00485
0.00485
0.004845
0.00484
0.00484
0.00484
0.00484
0.00485
0.00484
0.004835
0.00483
0.004835
0.004835
0.00484
0.00484
0.004835
0.004825
0.004825
0.00484
0.00485
0.00485
0.00484
0.004835
0.00485
0.00485
0.00486
0.004855
0.004855
0.004855
0.00485
0.004855
0.004865
0.004865
0.004855
0.004845
0.004855
0.00485
0.00486
0.00486
0.00485
0.004845
0.004855
0.00487
0.004895
0.004885
0.004875
0.00485
0.00486
0.00486
0.004875
0.00487
0.004865
0.00484
0.004845
0.004845
0.004855
0.00484
0.004835
0.00483
0.004835
0.004845
0.00485
0.004855
0.00483
0.004825
0.00482
0.00483
0.00485
0.004845
0.00483
0.004825
0.00483
0.00485
0.004865
0.00487
0.00489
0.0049
0.00492
0.00496
0.00499
0.00506
0.005145
0.005225
0.005315
0.005415
0.00554
0.00567
0.005755
0.005795
0.005865
0.005915
0.005905
0.005815
0.00568
0.00551
0.00531
0.00516
0.005065
0.00502
0.004985
0.00494
0.004925
0.004935
0.004955
0.004955
0.004935
0.00491
0.0049
0.0049
0.004895
0.004885
0.004885
0.004865
0.004855
0.00486
0.00486
0.00486
0.00485
0.00483
0.004835
0.004835
0.00484
0.004825
0.004825
0.004805
0.00481
0.004815
0.00482
0.004825
0.004815
0.004805
0.00481
0.00481
0.00482
0.00482
0.00483
0.00481
0.00481
0.00482
0.00483
0.00484
0.004835
0.004825
0.004845
0.004855
0.00487
0.004875
0.00487
0.004875
0.004875
0.00488
0.004895
0.004905
0.00492
0.00492
0.00495
0.00495
0.00496
0.00496
0.004965
0.00496
0.00497
0.00498
0.004985
0.00499
0.004975
0.00498
0.004985
0.004995
0.005
0.004995
0.00499
0.00498
0.005
0.005
0.005005
0.00501
0.004995
0.00499
0.004995
0.005
0.005005
0.00501
0.00499
0.00497
0.004975
0.004975
0.00498
0.00497
0.004955
0.00493
0.004925
0.00492
0.004925
0.00492
0.004905
0.0049
0.004895
0.004905
0.0049
0.0049
0.004895
0.00489
0.004885
0.00489
0.004895
0.0049
0.00489
0.004875
0.00488
0.00489
0.004895
0.004895
0.00488
0.00487
0.00487
0.00487
0.004875
0.004875
